3	EF109232	318	502	2	183	ABO31814.1
3	EF109232	480	324	19	172	ABO31814.1
4	FN564434	1581726	1581642	18	89	CBH32640.1
4	FN564434	1581641	1581724	19	89	CBH32640.1
4	FN564434	2187300	2187215	17	89	CBH32647.1
4	FN564434	2187200	2187297	5	89	CBH32647.1
18	U73217	553	645	4	97	AAB18208.1
22	KC816724	24817	24912	7	94	AGQ42598.1
22	KC816724	70804	70901	7	102	AGQ42597.1
35	EU159424	12498	12663	13	178	ABV90886.1
35	EU159424	12661	12499	14	176	ABV90886.1
39	AJ318783	199	272	2	75	CAC86668.1
44	AJ784900	411	525	1	115	CAH04987.1
60	FN645450	737640	737544	1	85	CBI75537.1
60	FN645450	737544	737640	1	85	CBI75537.1
75	AB238931	2748	2880	33	164	BAF62437.1
75	AB238931	2879	2752	37	164	BAF62437.1
95	AY487917	893	991	1	99	AAR34459.1
96	KC912694	55223	55116	1	108	AGP51291.1
99	KC912694	78643	78704	1	62	AGP51306.1
102	KC912694	1067	968	10	109	AGP51263.1
108	DQ286562	452	555	1	104	ABB90547.1
120	CT009735	55206	55301	7	102	
120	CT009735	55293	55209	10	94	
125	KC912694	546	450	8	104	AGP51263.1
132	CT009735	4521	4617	4	100	
136	KC912694	55824	55937	4	117	AGP51291.1
146	EF219468	323	443	1	121	ABQ18237.1
162	KC912694	328	278	1	51	AGP51263.1
165	KC912694	380	284	1	96	AGP51263.1
168	JF439307	1547	1634	6	81	AEF30549.1
168	JF439307	1636	1547	1	78	AEF30549.1
168	JF439307	1086	1004	2	79	AEF30549.1
171	KC175605	124	238	1	115	AGF69185.1
180	FN564430	682234	682076	1	159	CBH32573.1
180	FN564430	682076	682232	3	159	CBH32573.1
181	FJ427399	11867	11963	17	122	ACJ64199.1
181	FJ427399	11959	11873	18	113	ACJ64199.1
185	JX040632	1171	1261	3	93	AFO64357.1
187	AY951945	93457	93579	1	122	AAY32559.1
187	AY951945	93582	93462	3	122	AAY32559.1
199	AM502900	443	386	82	139	CAM59078.1
216	AP013106	251482	251544	10	72	BAN94722.1
216	AP013106	88638	88700	10	72	BAN94729.1
216	AP013106	251482	251544	10	72	BAN94729.1
216	AP013106	251482	251544	10	72	BAN94701.1
222	KC912694	291	201	1	91	AGP51263.1
231	GU211169	436	342	1	95	ADA62373.1
233	AF532601	4418	4321	1	98	AAQ10074.1
245	FN564430	682516	682622	12	128	CBH32573.1
245	FN564430	682622	682507	12	134	CBH32573.1
245	FN564430	772537	772662	12	130	CBH32575.1
245	FN564430	772660	772536	12	129	CBH32575.1
245	FN564430	2468563	2468447	12	128	CBH32589.1
245	FN564430	2468446	2468566	11	131	CBH32589.1
253	FJ225148	2799	2747	3	55	ACJ05654.1
255	AP013106	278560	278479	1	82	BAN94722.1
255	AP013106	278560	278479	1	82	BAN94729.1
255	AP013106	376838	376757	1	82	BAN94729.1
255	AP013106	278560	278479	1	82	BAN94701.1
255	AP013106	376838	376757	1	82	BAN94701.1
260	FN645450	16312	16356	3	47	
260	FN645450	737640	737544	2	98	CBI75537.1
260	FN645450	737543	737640	1	98	CBI75537.1
265	FJ427399	11960	11861	4	89	ACJ64199.1
265	FJ427399	11868	11959	5	82	ACJ64199.1
266	DQ154924	3540	3599	22	82	AAZ91463.1
266	DQ154924	3602	3540	19	82	AAZ91463.1
270	AY465427	1979	1849	10	139	AAR32739.1
270	AY465427	1852	1979	10	136	AAR32739.1
271	DQ167201	891	1006	1	116	AAZ95171.1
271	DQ167201	884	841	64	107	AAZ95171.1
274	FN564434	1046249	1046292	101	144	CBH32632.1
274	FN564434	1046525	1046467	91	149	CBH32632.1
274	FN564434	1046293	1046251	57	99	CBH32632.1
274	FN564434	1046249	1046292	101	144	CBH32631.1
274	FN564434	1046525	1046467	91	149	CBH32631.1
274	FN564434	1046293	1046251	57	99	CBH32631.1
274	FN564434	1581634	1581725	52	143	CBH32640.1
274	FN564434	1581725	1581637	59	147	CBH32640.1
274	FN564434	2187305	2187213	52	144	CBH32647.1
274	FN564434	2644609	2644583	121	147	CBH32658.1
293	AB238931	2746	2879	2	135	BAF62437.1
293	AB238931	2880	2753	8	135	BAF62437.1
294	JQ269664	527	610	1	84	AFF27597.1
297	AY968588	615	710	1	90	AAX81542.1
297	AY968588	666	732	6	69	AAX81542.1
302	KC912694	101	212	1	112	AGP51263.1
303	GU211251	214	118	4	100	ADA60980.1
303	GU211251	117	217	3	103	ADA60980.1
306	JF261156	2245	2199	2	48	ADX06722.1
308	KC912694	55501	55601	2	90	AGP51291.1
309	HQ821868	445	540	1	96	ADW95819.1
316	GQ169688	4359	4416	12	66	ACT22498.1
316	GQ169688	4416	4359	12	66	ACT22498.1
326	KC573058	153110	153258	2	154	AGP75916.1
326	KC573058	220655	220803	2	154	AGP75917.1
326	KC573058	277085	277233	2	154	AGP75918.1
329	AM502905	297	361	8	72	CAM59083.1
333	FN564434	1581641	1581726	64	149	CBH32640.1
333	FN564434	1581729	1581641	60	148	CBH32640.1
333	FN564434	2187214	2187300	64	150	CBH32647.1
333	FN564434	2187299	2187214	63	148	CBH32647.1
337	FN564434	363261	363154	19	145	CBH32619.1
337	FN564434	363222	363271	107	156	CBH32619.1
346	FN564434	1581709	1581641	21	89	CBH32640.1
346	FN564434	1581640	1581725	3	89	CBH32640.1
