2	FN564434	(1, 1)	2098493	2098651	13	171	316746	316904	13	171	2905006	2904839	13	181	2459191	2459348	13	171	2113271	2113439	9	171	645724	645886	10	171	2170886	2170738	13	164	999784	999628	13	171	1554413	1554563	13	165	2511025	2510867	10	171	819946	820061	44	159	342808	342932	5	129	2610524	2610408	13	153	704075	704162	73	161	812520	812661	30	171	1061892	1062040	12	172	2098657	2098499	13	171	999618	999663	9	54	2510856	2510914	7	65	645892	645850	13	55	812668	812616	12	63	2170719	2170778	7	65	316914	316868	9	55	812458	812529	13	86	2113445	2113407	13	51	2904843	2905008	13	179	
3	EF109232	(1, -1)	318	502	2	183	480	324	19	172	
4	FN564434	(1, -1)	371679	371591	14	89	1802684	1802610	19	89	883109	883192	19	89	371590	371673	19	89	1802609	1802683	19	89	2187300	2187215	17	89	1581726	1581642	18	89	2106000	2105917	19	89	2187200	2187297	5	89	1581641	1581724	19	89	2105916	2105999	19	89	633191	633104	16	89	873217	873147	19	79	39687	39631	40	89	633773	633851	19	99	873142	873216	25	89	883193	883110	19	89	1804507	1804579	21	89	2296018	2295918	10	99	2295926	2296009	19	89	340675	340596	19	85	633103	633187	19	89	2865704	2865665	50	89	873141	873103	51	89	39629	39663	18	52	767715	767681	17	51	1074580	1074637	17	79	1074686	1074725	50	89	2486983	2486944	50	89	340633	340674	48	89	873100	873135	17	52	2499868	2499913	27	77	262028	262067	50	89	767681	767712	58	89	1074637	1074583	30	89	2824831	2824860	16	45	2824869	2824835	55	89	
5	AK331959	(1, -1)	642	560	1	83	
6	AK332278	(1, 1)	1651	1740	1	90	
7	AK335464	(1, 1)	351	450	1	100	
10	JQ240472	(1, -1)	273251	273142	1	110	198840	198732	1	110	199664	199556	1	110	200488	200380	1	110	242665	242773	1	110	26899	27007	1	110	57887	57995	1	110	198033	197926	3	110	548	653	5	110	16958	16855	7	110	24137	24034	7	110	
14	AK332744	(1, -1)	1327	1431	1	105	1425	1339	15	101	
16	AK332362	(1, 1)	1869	2012	1	147	
18	U73217	(1, 1)	553	645	4	97	
21	DQ286562	(1, -1)	559	474	78	163	
22	KC816724	(1, 1)	76456	76353	2	105	9557	9455	1	104	19236	19137	6	105	32118	32021	6	104	10063	10156	6	97	101461	101373	6	93	70804	70901	7	102	19752	19847	6	97	34355	34451	6	97	24817	24912	7	94	40409	40507	6	102	
23	AK335482	(1, 1)	1702	1851	1	150	
24	AK330641	(1, 1)	1461	1562	1	102	
25	AK331680	(1, 1)	847	903	45	101	
26	AK332086	(1, 1)	1087	1174	1	88	
27	EU660894	(1, -1)	143717	143845	16	144	143844	143717	16	143	
29	BT008986	(1, 1)	919	1009	1	91	
30	HQ596874	(1, 1)	564	453	1	112	491	546	19	74	
31	HQ391280	(1, 1)	1	47	24	70	
33	HE996560	(1, 1)	2412	2494	1	83	
34	HQ391329	(1, -1)	10	93	1	84	94	11	1	84	
35	EU159424	(1, -1)	12498	12663	13	178	12661	12499	14	176	
36	DQ251490	(1, 1)	1642	1440	1	203	1434	1636	1	203	
37	KC290909	(1, -1)	230	162	1	69	
39	AJ318783	(1, 1)	199	272	2	75	
40	AK330233	(1, 1)	501	596	1	96	
41	FN564434	(1, 1)	2526271	2526322	1	52	943433	943484	1	52	741956	742004	4	52	2936119	2936067	1	52	2116066	2116097	21	52	1652226	1652278	2	52	
44	AJ784900	(1, 1)	411	525	1	115	
46	AK330669	(1, 1)	388	483	1	96	
47	AK331428	(1, 1)	599	679	1	82	
48	HE996767	(1, -1)	1869	1745	1	125	
49	AK332525	(1, 1)	473	603	1	131	
51	AK331813	(1, -1)	1982	1913	1	70	
53	HE996642	(1, 1)	97	192	3	99	
56	HQ390245	(1, 1)	189	82	8	114	78	185	8	114	
57	FJ345689	(1, -1)	351	432	4	85	157	114	42	85	
58	JF758499	(1, 1)	36861	36967	10	116	36967	36861	10	116	38862	38940	41	119	6029	6109	10	80	10895	11033	10	129	38940	38862	7	85	29725	29763	39	77	
59	FN645450	(1, -1)	953872	953969	15	112	1092637	1092540	15	112	910521	910617	15	111	953957	953872	14	99	1092552	1092637	14	99	172552	172636	15	99	910610	910521	10	99	172636	172552	15	99	1080617	1080667	52	102	1080667	1080616	12	63	721097	721013	15	99	1010244	1010286	17	55	595315	595259	14	70	595259	595315	44	100	721013	721097	15	99	1010286	1010244	59	97	
60	FN645450	(1, -1)	982947	983048	1	90	737640	737544	1	85	737544	737640	1	85	791667	791764	1	86	983043	982947	1	85	791763	791667	1	85	7267	7354	1	86	641197	641140	34	90	641145	641242	1	86	1172851	1172805	40	85	
61	AK333585	(1, 1)	875	966	2	93	
63	FN564428	(1, 1)	1332690	1332786	1	97	1324507	1324603	1	97	2480934	2481028	3	97	2405889	2405982	3	97	
67	AK332970	(1, 1)	887	1036	1	150	
70	AK332566	(1, 1)	1435	1544	1	110	
71	AK334580	(1, 1)	725	804	1	80	
73	EU660896	(1, -1)	7694	7797	3	106	18329	18435	3	109	13595	13695	3	103	46371	46473	3	105	27858	27929	3	74	35187	35258	3	74	54978	55049	3	74	95349	95278	3	74	
74	KC912694	(1, -1)	7479	7571	1	93	44785	44750	57	92	
75	AB238931	(1, -1)	2748	2880	33	164	2879	2752	37	164	
76	BT009089	(1, 1)	45	126	1	82	
78	AK335897	(1, 1)	667	724	4	61	
80	AK330275	(1, 1)	310	416	1	111	
81	HE996341	(1, 1)	1338	1427	3	92	1301	1333	26	58	
84	JF758499	(1, 1)	36907	36850	1	58	36921	36967	1	47	
86	AK335765	(1, -1)	2357	2256	1	102	
88	FN564432	(1, 1)	73271	73156	1	116	247087	246978	2	111	356701	356812	1	111	363729	363840	1	111	
91	AM932681	(1, -1)	67071	66999	1	73	
92	U76215	(1, 1)	3300	3221	11	90	3219	3292	15	88	
94	HE996549	(1, -1)	3742	3658	1	85	
95	AY487917	(1, 1)	893	991	1	99	
96	KC912694	(1, -1)	55223	55116	1	108	
97	KC912694	(1, 1)	15215	15276	1	63	
98	AK333621	(1, 1)	2457	2558	3	105	
99	KC912694	(1, 1)	78643	78704	1	62	
100	AK333932	(1, 1)	2875	2985	1	111	
101	AK331581	(1, -1)	520	617	16	113	617	522	19	114	
102	KC912694	(1, -1)	1067	968	10	109	
104	HQ391318	(1, -1)	257	218	109	148	
105	HQ391224	(1, -1)	201	97	1	105	
108	DQ286562	(1, 1)	452	555	1	104	
109	AK335062	(1, 1)	999	1090	1	92	
110	KC152455	(1, -1)	12486	12407	1	80	
112	AK332529	(1, 1)	68	167	1	101	
115	AY049041	(1, 1)	1960	2052	1	92	
117	AK334519	(1, 1)	1667	1760	1	94	
119	AK333035	(1, -1)	2206	2069	1	138	
120	CT009735	(1, -1)	55206	55301	7	102	55293	55209	10	94	23060	22952	7	94	22952	23057	10	94	696	644	55	107	7542	7501	10	52	655	696	8	49	7503	7543	54	95	74257	74350	4	94	74357	74263	3	94	
121	HE996280	(1, 1)	3	50	28	76	
122	EU626553	(1, -1)	80137	80236	7	106	80233	80137	7	103	
123	HQ391007	(1, 1)	264	356	12	104	
125	KC912694	(1, -1)	546	450	8	104	
127	AK330423	(1, 1)	263	350	1	88	
131	HF541875	(1, 1)	34680	34577	1	104	84677	84775	1	98	40480	40426	48	102	79324	79374	49	98	
132	CT009735	(1, 1)	4521	4617	4	100	
135	HQ391329	(1, -1)	85	10	34	110	20	94	35	110	10	42	1	33	94	67	1	28	
136	KC912694	(1, 1)	55824	55937	4	117	
137	AK332255	(1, 1)	886	991	1	106	
144	AK332897	(1, 1)	775	929	1	155	
146	EF219468	(1, 1)	323	443	1	121	
148	AJ001117	(1, 1)	2579	2676	1	96	
150	AK330745	(1, 1)	1580	1639	1	60	
151	AK335219	(1, 1)	498	577	1	80	
152	AK335725	(1, 1)	1179	1234	1	56	
153	BT009622	(1, 1)	664	766	7	109	
154	HE774675	(1, -1)	244181	244093	1	89	59411	59496	3	89	43222	43176	1	45	69268	69217	3	52	42314	42277	1	36	
157	FN564428	(1, 1)	1381419	1381333	7	92	1381333	1381419	8	93	1719673	1719736	1	64	250449	250392	8	65	306645	306588	8	65	250392	250449	36	92	306588	306645	36	92	2569916	2569973	8	65	1719736	1719679	37	93	2569973	2569916	36	92	628123	628167	8	52	
158	EU626553	(1, 1)	80240	80137	2	101	80137	80233	8	101	
159	DQ862833	(1, -1)	299	175	1	125	
161	AK330639	(1, 1)	126	218	1	93	
162	KC912694	(1, -1)	328	278	1	51	
164	DQ432014	(1, 1)	2138	2358	1	220	
165	KC912694	(1, -1)	380	284	1	96	
166	EU835980	(1, 1)	121164	121257	1	94	128017	128110	1	94	11800	11875	1	76	34772	34825	1	54	129248	129307	1	60	
167	FN564426	(1, 1)	179189	179286	12	109	179286	179189	11	108	995007	994903	14	114	994909	995007	12	106	
168	JF439307	(1, -1)	1547	1634	6	81	1636	1547	1	78	1086	1004	2	79	
171	KC175605	(1, 1)	124	238	1	115	
173	FN564434	(1, -1)	1779370	1779278	24	117	2966155	2966245	27	117	2630858	2630772	27	113	2904216	2904128	25	113	
174	AK333177	(1, -1)	2077	2291	1	215	2311	2112	1	200	
175	AJ132439	(1, 1)	342	415	1	74	
176	AK331581	(1, 1)	617	519	5	106	522	625	4	110	
177	HQ390713	(1, 1)	277	185	10	100	185	277	4	93	
179	EU660895	(1, -1)	52975	52777	6	204	
180	FN564430	(1, 1)	682234	682076	1	159	20451	20306	13	159	682076	682232	3	159	20304	20454	1	153	
181	FJ427399	(1, -1)	11867	11963	17	122	11959	11873	18	113	
182	DQ537336	(1, 1)	13841	13746	3	86	13748	13832	13	84	
184	AK330153	(1, 1)	581	670	1	90	
185	JX040632	(1, 1)	1171	1261	3	93	
187	AY951945	(1, 1)	93457	93579	1	122	36608	36489	3	122	37377	37502	1	117	93582	93462	3	122	36485	36605	2	122	39588	39713	1	117	96694	96615	3	82	37461	37378	42	125	39654	39589	61	125	25703	25748	68	113	
193	AK332664	(1, -1)	1417	1336	1	82	
194	AK330641	(1, 1)	618	748	1	131	
195	HE774676	(1, -1)	110333	110257	20	96	644542	644461	15	96	1114067	1113992	21	96	
197	FN564434	(1, 1)	2951389	2951459	45	115	2951286	2951316	2	32	
198	AK334078	(1, 1)	2185	2274	1	90	
199	AM502900	(1, -1)	443	386	82	139	
201	AK331183	(1, 1)	689	784	1	93	
203	AK331090	(1, 1)	970	1052	1	84	
206	FN564430	(1, 1)	351409	351488	1	81	
208	FJ345689	(1, -1)	553	433	5	122	
211	GU817319	(1, -1)	34366	34458	6	98	34458	34366	5	97	
213	AK333846	(1, 1)	185	240	46	101	
216	AP013106	(1, 1)	88638	88700	10	72	251482	251544	10	72	416306	416368	10	72	
217	AK332920	(1, -1)	1242	1213	60	89	
221	AK334145	(1, 1)	2231	2311	1	81	
222	KC912694	(1, -1)	291	201	1	91	
224	GU817319	(1, -1)	34367	34459	2	94	34456	34366	2	92	
225	FR820619	(1, -1)	347	264	1	84	
226	AK334286	(1, 1)	3465	3596	1	130	
227	AK332238	(1, -1)	1494	1401	1	94	
228	FN564434	(1, -1)	1137375	1137213	1	163	1131438	1131276	1	163	1171988	1171826	1	163	2500165	2500327	1	163	2235954	2235787	1	163	2235810	2235946	5	135	1137234	1137374	2	142	1131297	1131437	2	142	1171847	1171987	2	142	2500306	2500166	2	142	
229	HQ391114	(1, 1)	413	288	1	126	291	416	1	126	
231	GU211169	(1, -1)	436	342	1	95	
233	AF532601	(1, -1)	4418	4321	1	98	
235	AF389882	(1, 1)	10	141	1	130	
236	AK333949	(1, 1)	1390	1468	1	79	
238	FN564428	(1, 1)	1538964	1538768	18	195	1538768	1538964	18	195	
239	FN564434	(1, 1)	1051208	1051287	1	92	
240	HQ435325	(1, -1)	70087	69961	1	127	169675	169798	4	127	135801	135927	1	127	18758	18868	1	111	80231	80107	5	127	55256	55383	1	127	98585	98470	1	116	
242	HQ390774	(1, 1)	77	171	1	95	
243	AK330263	(1, 1)	3478	3313	1	166	3317	3478	1	162	
244	HQ391044	(1, -1)	52	1	1	52	
245	FN564430	(1, 1)	762408	762525	11	128	772537	772662	12	130	406290	406416	12	128	2468563	2468447	12	128	406420	406289	8	129	682516	682622	12	128	762525	762409	12	128	874775	874859	43	128	252147	252087	47	107	2375576	2375516	47	107	682622	682507	12	134	772660	772536	12	129	2468446	2468566	11	131	5072	4998	14	87	1298280	1298205	11	87	1856038	1856162	12	128	252112	252173	48	109	1425037	1424911	12	128	2375541	2375602	48	109	
247	KC912694	(1, 1)	96182	96263	1	82	
250	FN564430	(1, 1)	2487802	2487711	11	101	2517483	2517392	11	101	2517399	2517483	11	94	2478323	2478232	11	101	2478239	2478323	11	94	2487718	2487802	11	94	1744669	1744590	22	100	1744606	1744680	22	94	
251	DQ537335	(1, 1)	8425	8336	8	89	8336	8421	12	89	
252	AK335757	(1, 1)	88	160	1	73	
253	FJ225148	(1, -1)	2799	2747	3	55	
254	HE774676	(1, 1)	511781	511672	14	125	526832	526725	13	122	509587	509506	12	94	509458	509539	13	95	511664	511774	13	125	78249	78329	14	95	
255	AP013106	(1, -1)	278560	278479	1	82	376838	376757	1	82	
256	FN645450	(1, -1)	48649	48500	1	150	531442	531295	3	150	138800	138686	36	150	
257	AK332440	(1, -1)	959	880	2	80	
258	AK333064	(1, 1)	1531	1625	1	95	
259	AK332804	(1, -1)	917	857	1	61	
260	FN645450	(1, 1)	737640	737544	2	98	982947	983043	2	98	791667	791765	2	100	641144	641242	1	99	791763	791667	2	98	737543	737640	1	98	983043	982947	2	98	7353	7267	2	98	7267	7360	2	105	16312	16356	3	47	
261	AK335863	(1, 1)	620	687	1	68	
262	AB646974	(1, -1)	592	498	1	95	
263	GU817319	(1, -1)	34369	34458	15	105	34454	34366	15	104	
264	AK332413	(1, 1)	522	654	1	133	
265	FJ427399	(1, 1)	11960	11861	4	89	11868	11959	5	82	
266	DQ154924	(1, -1)	3540	3599	22	82	3602	3540	19	82	
267	FN564433	(1, -1)	261960	261866	5	99	
268	AK334924	(1, -1)	1781	1670	11	133	
269	AK334063	(1, 1)	926	1001	1	76	
270	AY465427	(1, 1)	1979	1849	10	139	1852	1979	10	136	
271	DQ167201	(1, -1)	891	1006	1	116	884	841	64	107	
274	FN564434	(1, -1)	1698070	1697830	1	241	2132277	2132372	54	149	2132367	2132271	58	155	2115533	2115447	58	144	277212	277299	56	143	1697924	1698016	55	147	872744	872831	56	144	2918645	2918560	59	144	2115440	2115533	51	144	277299	277214	59	144	2918555	2918645	53	143	872832	872747	57	143	1575560	1575473	59	143	1575473	1575563	59	146	1565701	1565613	57	144	2373125	2373042	58	143	1565611	1565700	56	144	2265032	2265116	59	143	884987	885085	45	143	1581634	1581725	52	143	1581725	1581637	59	147	262071	261984	56	143	2969017	2968948	75	145	1558505	1558547	101	143	2105913	2106009	56	153	2296012	2295926	57	143	371674	371589	59	144	1046249	1046292	101	144	1046525	1046467	91	149	1046293	1046251	57	99	633103	633188	59	143	873218	873152	58	127	1558547	1558514	59	92	2509847	2509775	57	127	2187305	2187213	52	144	599092	599180	56	143	2644609	2644583	121	147	
275	GU817319	(1, -1)	34369	34453	11	96	34454	34370	11	96	
276	AK330938	(1, 1)	359	453	9	104	
277	GQ409824	(1, -1)	142318	142408	9	91	142406	142321	13	90	
278	JF946486	(1, -1)	20338	20456	2	120	20453	20337	2	118	
279	JF701619	(1, -1)	102609	102533	1	76	
280	AK334173	(1, 1)	1101	1239	1	139	
281	KF282629	(1, -1)	31502	31425	1	78	31549	31591	34	76	51914	51862	21	74	
284	AK332097	(1, -1)	2609	2512	16	115	
286	EU626553	(1, -1)	80136	80233	10	106	80236	80137	8	106	
287	BT009432	(1, 1)	1385	1480	3	98	
289	FN564432	(1, -1)	405095	405184	1	90	750363	750452	1	90	59713	59624	1	90	
290	AK335883	(1, 1)	682	774	1	92	
292	HE774676	(1, -1)	533540	533459	1	82	533340	533292	10	58	
293	AB238931	(1, -1)	2746	2879	2	135	2880	2753	8	135	
294	JQ269664	(1, 1)	527	610	1	84	
296	AK335270	(1, -1)	1451	1391	22	82	
297	AY968588	(1, 1)	615	710	1	90	666	732	6	69	
300	AK332508	(1, 1)	682	775	1	94	
301	DQ537335	(1, 1)	8336	8429	89	173	8424	8336	86	165	8410	8334	1	68	8347	8414	1	59	
302	KC912694	(1, 1)	101	212	1	112	
303	GU211251	(1, 1)	214	118	4	100	117	217	3	103	
306	JF261156	(1, -1)	2245	2199	2	48	
307	AK335953	(1, 1)	487	581	1	95	
308	KC912694	(1, 1)	55501	55601	2	90	
309	HQ821868	(1, 1)	445	540	1	96	
311	JF946486	(1, 1)	1534	1438	3	99	1465	1516	21	72	
312	AK335209	(1, 1)	250	371	1	121	
313	AK336081	(1, 1)	1024	1112	1	89	
314	AM932685	(1, -1)	74530	74615	10	89	74614	74528	6	86	
316	GQ169688	(1, -1)	4359	4416	12	66	4416	4359	12	66	
318	FN564428	(1, 1)	1538964	1538772	30	222	1538766	1538960	28	222	
320	KC573058	(1, 1)	13976	14094	1	118	29507	29622	2	116	214805	214920	2	116	157167	157282	2	116	283311	283426	2	116	82238	82345	2	116	290992	291107	1	116	38751	38866	2	116	
321	HE996762	(1, 1)	3473	3523	19	69	
324	GQ409824	(1, 1)	142408	142318	11	105	142321	142406	12	101	
326	KC573058	(1, 1)	14120	14300	1	179	291134	291285	1	152	214947	215139	1	179	38896	39035	5	144	29649	29836	1	179	82372	82559	1	179	157312	157460	5	152	283456	283604	5	152	153110	153258	2	154	277085	277233	2	154	220655	220803	2	154	
327	BT009452	(1, -1)	783	954	91	262	942	783	88	247	
328	HE774675	(1, -1)	298922	299048	11	137	299048	298922	11	137	
329	AM502905	(1, 1)	297	361	8	72	
330	AK334989	(1, 1)	702	734	96	128	
333	FN564434	(1, -1)	371590	371676	64	150	883101	883193	55	148	2187214	2187300	64	150	371675	371590	63	148	1581641	1581726	64	149	883196	883109	61	148	2106000	2105916	64	148	1581729	1581641	60	148	340596	340671	69	144	2296010	2295926	64	148	633100	633188	61	148	2105916	2106000	64	148	2187299	2187214	63	148	873217	873142	64	142	873147	873217	75	148	2295922	2296010	59	148	633188	633103	64	148	262068	261984	64	148	340675	340603	64	136	39628	39687	62	127	1802609	1802684	64	148	261984	262068	64	148	2487033	2486943	61	148	1802684	1802609	64	148	2865663	2865709	63	109	2509754	2509845	63	148	39670	39629	108	149	2944703	2944647	89	148	873141	873100	109	150	873101	873141	63	103	1074729	1074681	61	109	1804580	1804508	64	145	2509845	2509754	64	149	2865704	2865662	108	150	1074686	1074726	108	148	2824833	2824860	63	90	767681	767715	116	150	1052536	1052495	109	150	
334	AK333292	(1, 1)	2211	2323	1	113	
336	BT009004	(1, 1)	593	683	1	91	
337	FN564434	(1, 1)	2113468	2113594	20	145	2460094	2460223	19	147	2113594	2113468	20	145	2460223	2460094	18	146	1330227	1330306	67	145	347985	347871	20	144	363261	363154	19	145	2198257	2198147	19	148	1330306	1330249	20	77	742803	742744	75	143	347907	347985	67	145	2198180	2198272	60	164	2920738	2920808	20	100	363222	363271	107	156	
339	AK335226	(1, -1)	2533	2347	1	187	
340	FN564434	(1, 1)	2115527	2115456	1	73	1698008	1697936	1	73	277219	277287	1	69	2132286	2132356	1	71	2115456	2115523	5	72	2918565	2918631	1	67	1697932	1698002	1	71	277295	277223	1	73	2132362	2132290	1	73	2918631	2918569	11	73	872752	872820	1	71	1575477	1575552	1	73	1575553	1575481	4	73	1565695	1565622	1	73	872826	872756	1	72	1565621	1565691	4	73	2373046	2373114	1	71	2373120	2373050	1	73	1558543	1558496	1	51	885012	885077	8	73	2265036	2265106	1	71	
341	HQ435325	(1, 1)	191564	191479	1	92	191500	191551	20	71	
342	HQ390713	(1, -1)	183	296	1	114	277	191	9	95	
344	AK336242	(1, -1)	1240	1377	17	153	1360	1243	20	136	
346	FN564434	(1, 1)	1697925	1698012	1	89	277299	277215	4	89	2132368	2132282	2	89	2115453	2115532	10	89	277214	277299	3	89	1698013	1697928	3	89	872831	872747	3	89	2918631	2918561	19	89	2115533	2115448	3	89	2132281	2132366	3	89	1575473	1575560	4	89	2918560	2918645	3	89	872747	872830	4	89	1575552	1575472	13	90	1565619	1565699	10	89	2373125	2373042	3	89	1581709	1581641	21	89	1565695	1565619	9	84	2265112	2265032	9	89	885000	885085	3	89	2105932	2106001	21	90	633119	633189	21	90	371657	371590	22	89	873152	873217	21	89	1581640	1581725	3	89	633172	633102	21	90	1558514	1558547	56	89	2295994	2295926	21	89	2295942	2296010	21	89	
