52	AK363672	64	128	28	80	
90	FP017181	87127	87096	42	75	
64	AK248619	857	1031	1	172	
276	AK353995	302	396	9	104	
201	AK331183	689	784	1	93	
241	XM_003576169	3706	3825	1	120	
130	AK358856	2423	2306	3	109	
235	XM_003580986	459	579	11	130	
162	JQ740834	328	278	1	51	
226	AK334286	3465	3596	1	130	
316	AK332840	1706	1646	12	66	1646	1707	12	67	
319	AK355497	499	616	1	118	
180	FN564430	682234	682076	1	159	20451	20306	13	159	682076	682232	3	159	20304	20454	1	153	
283	FN554889	8796846	8796795	10	62	
139	XM_001360285	407	376	4	35	
14	AK332744	1327	1431	1	105	1425	1339	15	101	
151	AK358091	538	617	1	80	
179	FJ436986	78875	78672	1	204	
26	AK332086	1087	1174	1	88	
258	AK333064	1531	1625	1	95	
239	FN564434	1051208	1051287	1	92	
304	AK358630	1868	1972	2	106	
219	CP003745	832533	832507	20	46	
154	FN564434	2231541	2231452	1	89	2371044	2370955	2	89	1599894	1599984	1	87	1838974	1838884	1	89	2302040	2302127	1	89	1124589	1124500	1	89	2503736	2503827	1	89	69257	69171	1	87	1163645	1163555	1	89	442155	442105	38	88	442667	442626	3	44	1177475	1177439	1	35	1142807	1142770	1	36	1142771	1142808	1	36	1585501	1585538	1	36	1142887	1142851	1	35	1585537	1585501	1	35	1137596	1137633	1	36	1177359	1177396	1	36	2404364	2404327	1	36	2499532	2499495	1	36	69171	69201	58	88	442105	442137	57	89	1137632	1137593	1	38	1593799	1593758	1	40	2499496	2499535	1	38	69224	69258	2	36	1585421	1585461	1	39	1838885	1838916	57	88	2335830	2335864	9	43	2499577	2499610	2	33	2503826	2503795	57	88	69687	69724	1	36	1839051	1839014	2	37	1843793	1843830	1	36	
119	AK333035	2206	2069	1	138	
128	XM_003568915	238	313	1	76	
246	XM_003557582	1603	1518	1	84	
340	FN564434	2115527	2115456	1	73	1698008	1697936	1	73	277219	277287	1	69	2132286	2132356	1	71	2115456	2115523	5	72	2918565	2918631	1	67	1697932	1698002	1	71	277295	277223	1	73	2132362	2132290	1	73	2918631	2918569	11	73	872752	872820	1	71	1575477	1575552	1	73	1575553	1575481	4	73	1565695	1565622	1	73	872826	872756	1	72	1565621	1565691	4	73	2373046	2373114	1	71	2373120	2373050	1	73	1558543	1558496	1	51	885012	885077	8	73	2265036	2265106	1	71	1046287	1046251	1	37	1046518	1046481	36	73	1558514	1558539	48	73	1046249	1046283	39	73	2112362	2112332	5	35	
32	AK353711	317	439	1	123	
39	AJ318783	199	272	2	75	
234	AC162123	107140	107115	66	91	
344	AK336242	1240	1377	17	153	1360	1243	20	136	
92	U76215	3300	3221	11	90	3219	3292	15	88	
257	AK332440	959	880	2	80	
36	EU146234	521	723	1	203	729	527	1	203	
330	AC187026	192659	192625	94	128	
346	HQ391329	9	95	3	90	97	10	1	89	
323	AK365855	713	817	1	105	
166	EU835980	121164	121257	1	94	128017	128110	1	94	11800	11875	1	76	34772	34825	1	54	129248	129307	1	60	
192	XM_003562591	1444	1500	1	60	
261	AK335863	620	687	1	68	
325	XM_001553870	1402	1487	2	87	
268	AK334924	1781	1670	11	133	
109	AK335062	999	1090	1	92	
33	AF354298	1614	1532	1	83	
93	GQ419475	718	816	1	99	433	623	1	193	576	769	1	197	19	106	12	99	290	484	1	197	146	341	1	197	25	55	163	193	
181	FJ427399	11867	11963	17	122	11959	11873	18	113	
3	EF109232	318	502	2	183	480	324	19	172	
138	AK428173	159	219	1	63	
124	AK362210	224	358	1	136	
143	AK362799	647	697	1	52	
248	AK367892	950	848	1	103	
331	AK249338	480	590	1	111	
94	HE996549	3742	3658	1	85	
59	AK372315	1663	1760	7	105	1758	1667	12	103	2013	1974	15	54	
205	CP001848	3464211	3464236	72	97	
232	AK369019	483	576	1	94	
173	FN564434	1779370	1779278	24	117	2966155	2966245	27	117	2630858	2630772	27	113	2904216	2904128	25	113	1649535	1649478	45	102	2966429	2966387	27	70	
152	AK335725	1179	1234	1	56	
308	KF602231	875	975	2	90	
227	AK332238	1494	1401	1	94	
170	AK359234	658	736	2	79	
84	AK249125	1576	1647	45	116	
76	BT009089	45	126	1	82	
269	AK334063	926	1001	1	76	
294	JQ269664	527	610	1	84	
322	XM_002299628	113	137	3	27	
329	AK358388	286	87	1	200	
48	AK336109	325	449	1	125	
159	DQ862833	299	175	1	125	
82	AK251163	541	723	1	183	
311	JF946485	37522	37426	3	99	64939	64843	3	99	101265	101169	3	99	137591	137495	3	99	37453	37504	21	72	64870	64921	21	72	101196	101247	21	72	137522	137573	21	72	37245	37285	6	48	64662	64702	6	48	100988	101028	6	48	137314	137354	6	48	
99	JQ740834	78113	78174	1	62	
233	AF532601	4418	4321	1	98	
41	FN564434	2526271	2526322	1	52	943433	943484	1	52	741956	742004	4	52	2936119	2936067	1	52	2116066	2116097	21	52	1652226	1652278	2	52	80839	80873	10	44	2904654	2904692	4	43	374986	374936	1	52	
114	XM_003066908	1290	1316	49	76	
338	AC246851	23453	23487	30	65	
29	BT008986	919	1009	1	91	
220	AK364979	734	656	1	84	
229	AF459639	191049	190924	1	126	190927	191051	1	125	198939	198823	3	119	
101	EU626553	80137	80233	18	114	80233	80133	18	118	
214	AK372026	2480	2438	1	43	2450	2490	37	77	
133	XM_003579270	3097	3209	1	113	
208	FJ345689	553	433	5	122	
45	AK368023	578	664	1	87	
69	JQ455953	650	683	9	42	
108	DQ286562	452	555	1	104	
262	AB646974	592	498	1	95	
203	AK355756	1161	1243	1	84	
244	AK361510	2070	1956	1	115	
199	AK369070	188	341	1	154	
230	AK355852	839	928	1	90	
72	XM_004960918	299	247	1	53	
298	XM_004330590	99	64	70	105	
273	AC188502	55068	55106	58	96	
137	AK332255	886	991	1	106	
56	HQ390245	189	82	8	114	78	185	8	114	
296	AK335270	1451	1391	22	82	
266	AF548379	6857	6919	22	82	
288	XM_004352180	1048	1084	87	120	
100	AK333932	2875	2985	1	111	
302	JQ740834	101	212	1	112	
44	AJ784900	411	525	1	115	
216	AP013107	103901	103839	10	72	222904	222842	10	72	296699	296761	10	72	392082	392144	10	72	
148	AJ001117	2579	2676	1	96	
345	AK368463	2257	2333	1	77	
135	HQ391329	85	10	34	110	20	94	35	110	10	42	1	33	94	67	1	28	
5	AK331959	642	560	1	83	
95	AY487917	893	991	1	99	
83	XM_002457340	1494	1538	1	48	
291	AC158794	166008	165936	1	73	
270	EU379326	1977	1841	1	137	1839	1977	7	145	
125	JQ740834	546	450	8	104	
250	AK362971	1705	1789	11	94	1792	1705	8	94	
255	AP013107	26572	26653	1	82	435319	435238	1	82	
16	AK332362	1869	2012	1	147	
299	AK357801	640	740	1	101	
285	AK367463	1885	2017	1	133	
102	KF562709	1058	959	10	109	
127	AK330423	263	350	1	88	
105	AK249924	1844	1742	1	103	
21	DQ286562	559	474	78	163	
171	AK363357	1093	1207	1	115	
200	AC100740	45831	45860	46	75	
77	AK357589	1648	1732	1	95	
212	AP011170	490097	490123	67	93	
67	AK332970	887	1036	1	150	
13	AK371461	2828	2938	12	120	
158	AK331581	617	522	9	101	522	617	8	100	
11	AK374032	1822	1954	1	133	
118	AK249091	1723	1771	1	49	
267	FN564433	261960	261866	5	99	
221	AK334145	2231	2311	1	81	
324	AK371630	1313	1397	13	101	1398	1313	12	101	
321	AK367678	1186	1261	1	76	
209	DQ245666	488	572	10	94	
86	AK360584	2341	2240	1	102	
87	XM_004287239	3514	3550	7	43	
91	FM242577	8115	8043	1	73	
337	AY963808	10722	10853	18	148	10852	10720	18	149	
65	AK252349	2955	3059	1	105	
66	AC216454	94989	94956	63	99	
275	AF325197	3636	3727	4	96	3728	3644	11	96	
169	AK363775	954	874	1	81	
113	AK250397	1366	1434	1	69	
85	AK252351	923	1008	1	86	
341	HQ435325	191564	191479	1	92	191500	191551	20	71	
278	AK360479	1111	994	1	118	995	1110	2	117	
79	JQ917466	2075	2209	1	135	
106	AK373644	69	175	1	103	
136	JQ740834	56040	56153	4	117	
4	AF277253	886	806	16	89	795	882	7	89	
183	AY534123	114621	114676	1	56	
78	AK335897	667	724	4	61	
184	AK330153	581	670	1	90	
161	AK330639	126	218	1	93	
272	AK362302	23	94	12	86	
195	HE774676	110333	110257	20	96	644542	644461	15	96	1114067	1113992	21	96	1114066	1114095	15	44	
187	AY951945	93457	93579	1	122	36608	36489	3	122	37377	37502	1	117	93582	93462	3	122	36485	36605	2	122	39588	39713	1	117	96694	96615	3	82	37461	37378	42	125	39654	39589	61	125	25703	25748	68	113	88944	88975	42	73	96617	96691	38	122	
249	AK372363	2138	2230	1	89	
132	AK357546	2120	2217	3	100	
54	AK362882	899	1011	1	116	
334	AK333292	2211	2323	1	113	
122	EU626553	80137	80236	7	106	80233	80137	7	103	
225	AK369940	1160	1078	2	84	
63	FN564428	1332690	1332786	1	97	1324507	1324603	1	97	2480934	2481028	3	97	2405889	2405982	3	97	
145	JF750561	55736	55779	5	53	
194	AK249069	636	766	1	131	
314	AM932685	74530	74615	10	89	74614	74528	6	86	163285	163198	7	88	
245	AK333242	2016	1899	11	128	1898	2015	11	128	
15	AK357832	14	82	13	78	
342	HQ390713	183	296	1	114	277	191	9	95	
307	AK335953	487	581	1	95	
61	XM_003577644	695	786	2	93	
309	AK369720	551	646	1	96	
343	AK356287	1292	1213	1	80	
150	AK330745	1580	1639	1	60	
97	JQ740834	15244	15305	1	63	
175	AJ132439	342	415	1	74	
7	AK335464	351	450	1	100	
23	AK335482	1702	1851	1	150	
190	AK359234	593	530	1	64	
247	KF562709	96068	96149	1	82	119056	118975	1	82	
146	AF508970	323	443	1	121	
43	XM_005104617	577	548	55	84	
310	EF450765	211	240	2	31	
253	FJ225148	2799	2747	3	55	
265	FJ427399	11960	11861	4	89	11868	11959	5	82	
182	AY943294	73129	73048	5	86	73044	73121	8	84	
172	XM_004263706	8048	8080	49	80	
335	XM_003571147	2114	2046	3	73	
281	JX978695	23290	23213	1	78	23337	23379	34	76	43458	43406	21	74	
2	AF343493	1382	1219	8	171	1213	1371	13	171	
55	XM_003580986	493	600	1	108	
47	AK331428	599	679	1	82	
40	AK355959	493	588	1	96	
140	AK427458	134	34	1	100	
193	AK332664	1417	1336	1	82	
295	AK357215	850	771	1	80	
51	AK331813	1982	1913	1	70	
53	AK249285	834	929	3	99	
18	U73217	553	645	4	97	
98	AK333621	2457	2558	3	105	
327	BT009452	783	954	91	262	942	783	88	247	
8	AK357915	574	661	1	88	
116	X59874	962	901	3	64	
96	JQ740834	55439	55332	1	108	
332	AK363298	2066	1948	1	119	
189	NM_001174628	1194	1119	2	77	
188	NM_001175821	1148	1066	1	83	
50	AK370651	1308	1409	1	102	
88	FN564432	73271	73156	1	116	247087	246978	2	111	356701	356812	1	111	363729	363840	1	111	
333	FN564434	371590	371676	64	150	883101	883193	55	148	2187214	2187300	64	150	371675	371590	63	148	1581641	1581726	64	149	883196	883109	61	148	2106000	2105916	64	148	1581729	1581641	60	148	340596	340671	69	144	2296010	2295926	64	148	633100	633188	61	148	2105916	2106000	64	148	2187299	2187214	63	148	873217	873142	64	142	873147	873217	75	148	2295922	2296010	59	148	633188	633103	64	148	262068	261984	64	148	340675	340603	64	136	39628	39687	62	127	1802609	1802684	64	148	261984	262068	64	148	2487033	2486943	61	148	1802684	1802609	64	148	2865663	2865709	63	109	2509754	2509845	63	148	39670	39629	108	149	2944703	2944647	89	148	873141	873100	109	150	873101	873141	63	103	1074729	1074681	61	109	1804580	1804508	64	145	2509845	2509754	64	149	2865704	2865662	108	150	1074686	1074726	108	148	2824833	2824860	63	90	767681	767715	116	150	1052536	1052495	109	150	767714	767681	63	96	2837627	2837592	76	111	1060077	1060043	64	98	2132282	2132366	64	148	2824869	2824832	113	150	2944644	2944699	61	119	2837599	2837627	108	136	277215	277300	64	149	633842	633797	64	105	1074581	1074611	63	93	633798	633842	108	148	1697928	1698012	64	148	277302	277232	61	131	
312	AY106124	304	425	1	121	
198	AK334078	2185	2274	1	90	
186	XM_005568345	5512	5487	5	30	
274	FN564434	1698070	1697830	1	241	2132277	2132372	54	149	2132367	2132271	58	155	2115533	2115447	58	144	277212	277299	56	143	1697924	1698016	55	147	872744	872831	56	144	2918645	2918560	59	144	2115440	2115533	51	144	277299	277214	59	144	2918555	2918645	53	143	872832	872747	57	143	1575560	1575473	59	143	1575473	1575563	59	146	1565701	1565613	57	144	2373125	2373042	58	143	1565611	1565700	56	144	2265032	2265116	59	143	884987	885085	45	143	1581634	1581725	52	143	1581725	1581637	59	147	262071	261984	56	143	2969017	2968948	75	145	1558505	1558547	101	143	2105913	2106009	56	153	2296012	2295926	57	143	371674	371589	59	144	1046249	1046292	101	144	1046525	1046467	91	149	1046293	1046251	57	99	633103	633188	59	143	873218	873152	58	127	1558547	1558514	59	92	2509847	2509775	57	127	2187305	2187213	52	144	599092	599180	56	143	2644609	2644583	121	147	2644579	2644609	51	81	599180	599094	59	144	2187211	2187298	56	143	793270	793303	112	144	1410246	1410275	120	150	775568	775593	118	143	1802690	1802609	53	143	1674311	1674350	104	143	
289	FN564432	405095	405184	1	90	750363	750452	1	90	59713	59624	1	90	
211	GU817319	34366	34458	6	98	34458	34366	5	97	
141	XM_002004130	912	874	55	91	
134	AK363003	2313	2381	1	69	31	99	1	69	
251	DQ537335	8425	8336	8	89	8336	8421	12	89	46094	46073	69	90	74804	74778	8	34	46074	46094	12	32	46173	46150	9	32	
89	JQ003179	534	640	1	107	
287	AK355592	1486	1583	3	100	
202	AK363930	2307	2495	1	189	
62	AC159711	22029	22056	16	43	
107	AK357163	661	746	1	72	
279	AF343493	1289	1213	1	76	1325	1375	23	74	
80	AK330275	310	416	1	111	
317	AK365987	2251	2329	6	84	
57	AJ862529	183	261	1	79	
30	HQ596874	564	453	1	112	491	546	19	74	
142	AK365545	458	570	1	113	
110	AK333238	2985	3064	1	80	
177	AK360900	1099	1006	1	92	1011	1092	16	95	
222	JQ740834	291	201	1	91	
320	AK330205	642	760	1	118	524	464	27	96	
204	AK251945	1351	1259	1	94	
27	EU660894	143717	143845	16	144	143844	143717	16	143	
164	DQ432014	2138	2358	1	220	
303	AK372309	1152	1248	4	100	1248	1148	4	104	
147	AK369375	621	718	1	98	
191	GQ419475	718	818	1	101	8	106	1	99	445	535	13	101	290	392	1	101	588	676	13	99	210	249	62	101	
328	FN564429	1100375	1100240	3	138	1469198	1469325	10	137	1147313	1147197	10	137	1469325	1469199	11	137	1100241	1100367	11	137	1147197	1147312	11	137	405783	405910	11	137	302620	302755	3	138	1209469	1209586	11	138	296270	296153	11	138	405913	405783	8	137	1209525	1209465	81	141	302754	302627	11	138	296154	296277	11	144	
42	FP016070	5541	5520	11	32	
282	XM_001454549	1308	1254	18	71	
131	HF541871	138608	138711	1	104	133177	133231	48	102	
223	AK372166	1844	1940	1	97	
103	AK253124	1183	1230	1	49	
210	AK250087	603	663	18	74	
117	AK334519	1667	1760	1	94	
20	XM_003564504	1662	1735	9	82	
315	GQ905540	312	362	1	51	410	447	62	99	
197	FN564434	2951389	2951459	45	115	2951286	2951316	2	32	
68	FJ477092	17688	17604	1	84	17602	17686	1	84	
157	DQ537335	8329	8422	1	93	8422	8336	7	92	46094	46074	72	92	
163	XM_003578780	1463	1385	1	79	
339	AK335226	2533	2347	1	187	
224	GU817319	34367	34459	2	94	34456	34366	2	92	
174	AK333177	2077	2291	1	215	2311	2112	1	200	
1	AK354634	251	342	5	88	
300	AK332508	682	775	1	94	
264	AK332413	522	654	1	133	
81	HE996341	1338	1427	3	92	1301	1333	26	58	
218	AK374654	1472	1534	1	71	
120	CT009735	55206	55301	7	102	55293	55209	10	94	23060	22952	7	94	22952	23057	10	94	696	644	55	107	7542	7501	10	52	655	696	8	49	7503	7543	54	95	74257	74350	4	94	74357	74263	3	94	76369	76393	70	94	76393	76369	10	34	
231	GU211169	436	342	1	95	
290	AK335883	682	774	1	92	
301	DQ537335	8336	8429	89	173	8424	8336	86	165	8410	8334	1	68	8347	8414	1	59	
9	XM_005180954	107	144	83	119	
271	DQ167201	891	1006	1	116	884	841	64	107	
293	AB238931	2746	2879	2	135	2880	2753	8	135	
104	AK376929	2997	3144	1	148	
160	XM_003557202	1990	2069	1	80	
260	FN564430	677954	677851	2	105	1594183	1594251	2	70	499824	499715	1	99	499716	499826	2	101	677857	677957	1	101	425071	425017	47	101	1594213	1594181	68	100	803214	803186	78	106	1425018	1425043	79	104	
336	BT009004	593	683	1	91	
168	AK332496	2770	2689	4	84	2692	2770	3	80	
155	AK250053	798	976	1	179	
176	AK331581	617	519	5	106	522	625	4	110	
153	AK368264	1020	1126	3	109	
196	HE601631	21567150	21567176	42	68	
115	JF489233	7314	7406	1	92	
25	AK331680	847	903	45	101	
297	AY968588	615	710	1	90	666	732	6	69	
215	AB838408	2669	2635	72	106	
49	AK332525	473	603	1	131	
217	AK364086	1271	1196	60	139	1199	1256	1	61	
242	AK376851	2138	2232	1	95	
6	AK332278	1651	1740	1	90	
123	AK355723	1159	1060	5	104	
236	AK333949	1390	1468	1	79	
313	AK336081	1024	1112	1	89	
58	JX295577	2134516	2134634	1	119	979464	979358	10	116	2136798	2136689	10	119	2134634	2134520	7	122	1009299	1009417	7	116	979358	979464	10	116	2136689	2136798	7	116	1009417	1009299	10	119	1728411	1728529	7	116	1993471	1993349	7	129	1987267	1987188	10	86	1723779	1723691	7	85	578891	578765	10	116	515533	515633	15	116	515633	515533	10	111	662389	662350	46	85	1723691	1723779	41	119	1728489	1728411	41	119	2158473	2158382	41	123	1993353	1993471	1	119	2158382	2158473	3	85	578765	578891	10	116	1899269	1899189	27	116	2157439	2157396	43	85	112657	112700	43	85	1899189	1899234	10	56	1930405	1930364	20	61	1538023	1537988	6	41	1544309	1544274	1	36	1930474	1930426	10	58	
38	AC192066	75877	75844	106	140	
228	FN564434	1137375	1137213	1	163	1131438	1131276	1	163	1171988	1171826	1	163	2500165	2500327	1	163	2235954	2235787	1	163	2235810	2235946	5	135	1137234	1137374	2	142	1131297	1131437	2	142	1171847	1171987	2	142	2500306	2500166	2	142	
238	FN564428	1538964	1538768	18	195	1538768	1538964	18	195	
60	FN645450	982947	983048	1	90	737640	737544	1	85	737544	737640	1	85	791667	791764	1	86	983043	982947	1	85	791763	791667	1	85	7267	7354	1	86	641197	641140	34	90	641145	641242	1	86	1172851	1172805	40	85	7353	7267	1	85	16336	16314	60	82	1013199	1013226	58	85	1220813	1220849	49	85	1172820	1172860	16	66	
144	AK332897	775	929	1	155	
149	XM_004292152	944	986	37	79	
73	CT009625	53226	53328	3	105	
24	AK330641	1461	1562	1	102	
286	EU626553	80136	80233	10	106	80236	80137	8	106	
213	AK362464	162	224	46	108	219	188	10	41	
112	AK332529	68	167	1	101	
31	AK373191	1050	986	1	65	
165	JQ740834	380	284	1	96	
46	AK330669	388	483	1	96	
34	AM932685	74612	74529	1	84	74528	74620	1	94	
185	AK252215	1168	1258	3	93	
70	AK332566	1435	1544	1	110	
167	FN564426	179189	179286	12	109	179286	179189	11	108	995007	994903	14	114	994909	995007	12	106	1382244	1382264	94	114	
284	AK332097	2609	2512	16	115	
19	GQ905535	133	259	30	143	266	216	24	70	
10	JQ240472	273251	273142	1	110	198840	198732	1	110	199664	199556	1	110	200488	200380	1	110	242665	242773	1	110	26899	27007	1	110	57887	57995	1	110	198033	197926	3	110	548	653	5	110	16958	16855	7	110	24137	24034	7	110	
259	AK332804	917	857	1	61	
277	GQ409824	142318	142408	9	91	142406	142321	13	90	
207	XM_391032	494	599	1	106	
237	AK374367	2438	2312	1	127	
74	JQ740834	7480	7572	1	93	44874	44839	57	92	11236	11263	58	85	
111	AE014187	2880954	2881050	1	101	2131687	2131752	3	74	12341	12273	1	59	1204915	1204965	26	77	2154695	2154634	1	74	818256	818291	1	36	2293939	2293877	1	77	
126	FN667741	293341	293316	16	41	
156	AK374366	907	980	20	96	
206	FN564430	351409	351488	1	81	
326	KC573058	14120	14300	1	179	291134	291285	1	152	214947	215139	1	179	38896	39035	5	144	29649	29836	1	179	82372	82559	1	179	157312	157460	5	152	283456	283604	5	152	153110	153258	2	154	277085	277233	2	154	220655	220803	2	154	
318	FN564428	1538964	1538772	30	222	1538766	1538960	28	222	
243	AY643842	12832	12667	1	164	12669	12832	1	162	
306	AK364228	1177	1248	47	118	1382	1427	1	46	1428	1375	66	118	
28	AK357333	2262	2400	1	133	2306	2262	90	135	
256	FN645450	48649	48500	1	150	531442	531295	3	150	138800	138686	36	150	
263	GU817319	34369	34458	15	105	34454	34366	15	104	
17	XM_003617172	205	170	33	67	
22	KC816724	76456	76353	2	105	9557	9455	1	104	19236	19137	6	105	32118	32021	6	104	10063	10156	6	97	101461	101373	6	93	70804	70901	7	102	19752	19847	6	97	34355	34451	6	97	24817	24912	7	94	40409	40507	6	102	3939	4028	7	94	14400	14489	7	94	101909	101994	7	87	
178	AK102753	941	1006	5	70	
129	AL161898	29876	29848	72	100	
12	AK376212	582	622	1	42	
254	HE996525	1784	1897	10	125	324	268	10	67	1908	1795	10	125	
280	AK334173	1101	1239	1	139	
35	EU159424	12498	12663	13	178	12661	12499	14	176	
240	JF758491	7634	7760	1	127	32435	32543	3	111	
71	AK334580	725	804	1	80	
292	HQ390278	410	495	1	86	228	306	5	84	
37	AK427458	788	720	1	69	
121	XM_003566361	581	657	1	78	
75	AB238931	2748	2880	33	164	2879	2752	37	164	
252	AK335757	88	160	1	73	
